12
Ralstonia_eutropha_H16_uid62925	0	0.13851579819999993	0.1797131261	0.17969453459999996	0.17246989589999995	0.17013447199999998	0.17113073869999995	0.17099976729999988	0.1469466825000001	0.03557388429999997	0.09288672739999992	0.19802806799999995
Ralstonia_eutropha_JMP134_uid58047	0.13851579819999993	0	0.1820861841999999	0.18217613319999992	0.17634339080000005	0.17513297100000003	0.17467463699999997	0.1756518762	0.15072439640000002	0.1377684682	0.13831268660000007	0.1997024677
Ralstonia_pickettii_12D_uid58859	0.1797131261	0.1820861841999999	0	0.037402349099999954	0.13240708960000003	0.13200623690000002	0.13269101120000004	0.1323491872	0.18148751429999999	0.181402053	0.17912368420000002	0.19836491460000005
Ralstonia_pickettii_12J_uid58737	0.17969453459999996	0.18217613319999992	0.037402349099999954	0	0.13074442090000005	0.13102857879999996	0.1310974305	0.13058375580000003	0.17685440360000004	0.18138540269999992	0.18035725189999996	0.19896731769999998
Ralstonia_solanacearum_CFBP2957_uid50545	0.17246989589999995	0.17634339080000005	0.13240708960000003	0.13074442090000005	0	0.06990558590000007	0.02966121909999997	0.06471108930000002	0.17708751300000003	0.17189437299999988	0.16914468429999996	0.19551456749999996
Ralstonia_solanacearum_GMI1000_uid57593	0.17013447199999998	0.17513297100000003	0.13200623690000002	0.13102857879999996	0.06990558590000007	0	0.0705656346000001	0.05790663419999997	0.17491725569999994	0.17110091389999993	0.1691554945	0.1921648508
Ralstonia_solanacearum_Po82_uid162133	0.17113073869999995	0.17467463699999997	0.13269101120000004	0.1310974305	0.02966121909999997	0.0705656346000001	0	0.06450498659999993	0.17743805499999987	0.17144240249999998	0.16942379810000008	0.19479598210000004
Ralstonia_solanacearum_PSI07_uid50539	0.17099976729999988	0.1756518762	0.1323491872	0.13058375580000003	0.06471108930000002	0.05790663419999997	0.06450498659999993	0	0.1782042104999999	0.1726523029	0.1694134921	0.19629557139999998
Cupriavidus_metallidurans_CH34_uid57815	0.1469466825000001	0.15072439640000002	0.18148751429999999	0.17685440360000004	0.17708751300000003	0.17491725569999994	0.17743805499999987	0.1782042104999999	0	0.14766977019999994	0.1477471574	0.19771183800000003
Cupriavidus_necator_N_1_uid68689	0.03557388429999997	0.1377684682	0.181402053	0.18138540269999992	0.17189437299999988	0.17110091389999993	0.17144240249999998	0.1726523029	0.14766977019999994	0	0.09316856419999997	0.1978769038999999
Cupriavidus_taiwanensis_LMG_19424_uid61615	0.09288672739999992	0.13831268660000007	0.17912368420000002	0.18035725189999996	0.16914468429999996	0.1691554945	0.16942379810000008	0.1694134921	0.1477471574	0.09316856419999997	0	0.19821228469999996
Burkholderia_multivorans_ATCC_17616_uid58909	0.19802806799999995	0.1997024677	0.19836491460000005	0.19896731769999998	0.19551456749999996	0.1921648508	0.19479598210000004	0.19629557139999998	0.19771183800000003	0.1978769038999999	0.19821228469999996	0
